7 13
Case 1:
0
3
10
14
3
12
0
1
16
3
4
18
18
10
18
2
18
3
16
1 1
Case 2:
0
0
0
0
0
0
0
0
0
0
0
0
0
0
0
0
0
12 46
Case 3:
6
51
39
17
57
55
19
73
51
69
37
49
31
61
55
6
37
3
49
23
17
8
49
57
23
12 48
Case 4:
17
21
83
43
51
11
29
47
37
5
55
10
5 9
Case 5:
6
6
10
6
3
0
4
10 26
Case 6:
33
39
39
39
4
13
35
3
9
33
13 41
Case 7:
56
9
58
44
48
13 43
Case 8:
56
60
36
70
38
50
22
58
40
36
38
60
9
8
34
10
10 35
Case 9:
11
6
39
5
1
35
33
1
55
41
4
8
15
43
53
51
1
53
8
17
23
13 44
Case 10:
50
64
4
5
6
72
40
68
38
36
34
40
38
