1000
8401 -7830 9116 -3352 2697
-4773 -3647 -9522 -6357 850
163 -1372 1566 1297 1379
-5129 6126 -6375 -4935 2336
-5267 -4002 2833 -8077 461
5259 -1922 8902 641 2562
-2382 -9022 -2666 -3752 2358
5316 -4376 -9308 -2842 4406
6878 -4401 8292 -2289 2860
-9564 -6573 -4395 -3984 4058
4824 -9502 -1476 6410 4075
7860 4470 1875 5564 995
1031 -4954 -9847 6844 3793
2941 5844 -1523 -1254 323
-745 -525 1762 -7977 598
-6394 934 5202 699 2421
-5733 519 9999 8899 5743
8705 -41 5938 1631 5621
-3590 5794 6873 -5308 2074
-5769 -7478 -354 -8332 7282
-9794 -9033 6668 -1639 6103
6497 6294 7006 3287 573
-2236 -5106 -2800 7192 2628
9443 -3363 4345 -3449 4622
6754 4819 7120 6218 3434
-6739 3471 -6091 7307 5612
-9209 6531 5324 -2604 4065
1112 -5766 6665 7757 1935
9843 8273 1882 -9586 7471
-1211 -3838 -9430 8619 3193
-2972 -9096 -4981 1627 4529
-4636 4959 -1804 7275 4093
-8381 1782 4985 1382 1680
-9084 -8368 4960 -3943 3857
1512 -1078 3635 3313 793
5835 -6587 4874 -8830 4555
5575 8299 2443 -7293 7574
8975 4107 -7832 2936 7239
491 -9864 2108 8651 886
-3017 8090 515 -4577 3187
-1191 -5786 5950 -3042 2815
-6097 -6189 -2336 700 2252
4817 8267 -3571 -3442 3268
-2574 -6259 3081 -1980 401
-7822 2003 3156 2309 2083
5553 3802 -3054 -2604 2216
-6859 6978 6458 -5329 5177
5185 -3621 -8018 1528 401
-1876 -7003 11 3052 2000
1811 -6673 6533 8850 1086
-8289 9041 -3945 -8689 7051
-2331 -5514 -4944 -9391 4873
-6572 9358 -8743 -6377 8390
-2627 4705 -7954 -8730 2222
-5968 5385 5790 -7009 6692
1126 5103 8143 6376 752
2470 -174 -5737 5826 1181
587 -6407 2226 -6302 4747
-4385 -9526 -8990 -3335 2101
9498 -8843 1837 -7802 7251
-7616 3318 -5607 6221 3970
-6538 -2106 8654 3735 4440
-6765 -588 5636 189 51
-6014 -8871 1730 -4877 3306
1553 8822 -8994 4758 8479
-8656 -7186 1840 1671 1555
1266 9469 1608 -4618 4474
6142 3937 4365 -2440 2830
347 -8139 -3563 -356 719
6997 -8893 3414 -7667 5863
9041 7524 8093 5911 1016
2441 5891 -8895 -560 2990
5870 5845 -8155 -5265 6041
-2641 5381 9315 -2057 2403
-6799 4433 7031 -2145 1897
-161 -8524 -3214 -5268 1544
-732 -8898 -5310 -9589 3070
439 50 -2928 -8201 206
1909 9233 844 -7113 665
8674 -4759 7775 -5786 7207
-964 9464 2748 8097 6384
-1733 7608 -9811 -3415 3561
6540 6004 812 -1369 182
5824 -6683 -3123 7682 317
3992 4526 3082 -54 389
-841 -7859 -9102 626 4165
9278 -3879 -6384 5394 6873
9215 7892 3818 8079 6676
-8492 -7144 -5161 -5024 4838
-7559 1390 -1958 -8442 1414
3129 8884 4797 1997 3417
-2219 -7784 1421 -5610 5054
-6739 -8325 7733 -5904 7430
2842 8800 1789 4430 3093
-3257 6076 -8057 3987 2717
5996 9015 -8812 4606 2907
-2460 3011 7494 4858 3339
2931 -28 -2887 -6504 514
-9597 -1129 -2072 -5361 2677
-8923 4052 8379 6736 3402
-4572 7170 5411 2686 4187
-2363 2191 5143 3435 303
-8790 5212 1801 -4389 3240
3862 4265 -6004 -1092 916
3131 -4556 -7450 9587 113
-8978 397 1838 -7783 588
4089 -6018 5633 -8032 518
4751 -3582 9168 -9008 1141
9286 -8209 5087 1882 3403
7486 7218 8720 -5527 9887
6378 -85 -3637 992 3019
-1860 3807 -6980 -116 748
-1482 -6756 -2758 -1552 705
-4526 5457 -8568 -3866 1234
2471 -9173 -3671 5173 3183
-179 -6194 -5201 -2414 4150
7882 3251 6379 2435 942
2122 7778 131 -7451 3902
-2246 -8970 2354 7394 717
-9412 6400 2147 4484 1504
-8759 -9718 -6445 7987 5290
-6366 -8641 5842 9508 6186
-7871 9241 7841 7052 6296
8191 -5227 1268 -7758 4377
2479 316 -7272 -2117 2348
-7215 -3059 1541 -7844 2528
8673 8546 -9327 -5572 9853
0 3077 2670 6475 2194
2671 -3140 803 -6632 1350
2464 1277 5849 825 2134
-2564 -1444 8007 5992 2619
355 7472 -7306 8177 5179
-3798 -3403 -400 5680 344
1122 1062 -8883 6682 548
8001 -7161 7404 -3749 6977
7035 64 7282 9692 1190
6335 -3609 5380 6468 5372
-7649 3930 843 9280 5948
5268 -9894 -4392 5797 102
-4452 -303 -3874 554 3031
-365 3293 207 -5631 2892
7175 -6502 9331 -4247 4820
-2618 865 7492 -8605 1401
-5969 -1748 9744 -3400 897
-7925 6130 -5687 -5322 460
4324 -9731 -6132 9931 5611
1090 463 502 4794 661
6034 4854 7938 7626 369
3561 1428 -9992 -516 882
4938 -7026 -6229 5610 1200
-7261 4706 9630 -2658 5110
-5476 -7937 -2761 4466 4123
9065 -156 -8193 3621 6638
5000 -2519 6788 -2352 5266
2582 7727 1789 -8450 3068
3022 9095 -8923 9566 1047
-7597 1650 -5800 -2268 4910
6411 6560 -988 -4627 2179
-5742 1224 807 2126 612
7351 -9313 -407 7440 2434
-4352 5794 -3817 -9263 4508
6838 -1498 6801 -8211 1876
2147 1193 9033 -6575 1050
-1800 -9520 9542 -4379 1727
-2676 2565 -6684 6481 3074
5799 -9194 -1905 -8594 4139
-8322 -1500 4100 -1181 4201
9081 1585 -6700 1014 2145
-2344 9753 5959 9767 139
-7426 -975 -6304 -9970 2662
449 2345 -4283 -306 531
4607 2439 -6110 -6020 1539
350 4620 9306 -6401 3896
-9096 2592 -896 487 221
-4675 -7286 1142 -5513 5222
-3321 -8845 -951 -8867 6624
-7309 -6138 -7967 -6777 7861
1169 -5730 -26 -1853 747
-4005 756 5299 1002 3692
-1444 -4957 6272 4617 712
1999 -5765 -1007 4603 627
-3990 5995 8187 -6455 3933
-7621 1886 -4490 -5504 858
1960 -9436 937 -3518 1202
-4179 185 -2041 -1470 1902
-4013 -3840 -7763 4059 4130
-154 -8475 -7125 34 3529
-5492 -633 9308 4050 648
-7712 6797 1086 -9883 7784
-412 -6720 7575 -8301 3021
-949 2388 5659 -4258 636
1324 -617 1742 2683 999
-8947 -8498 -6149 9512 4173
7705 3982 -6216 1792 6050
5907 -4458 -8798 8228 5791
-1996 2339 -2440 6568 903
5954 -4887 740 9580 1217
-6801 9610 -4012 7460 8377
7319 -2060 2382 -8147 4907
9204 1733 2347 5196 2854
860 4264 -3069 8879 225
-5816 -658 7496 -2378 1165
6732 -1242 5288 940 2962
-7261 7756 6847 -9803 1440
-4498 -8159 -5049 -8197 1212
-6261 -1386 -6500 -1092 4591
3389 2986 -5948 -1971 2512
6073 499 -5218 9890 1813
-3606 9226 -6741 -1668 2200
-4443 -3252 -7704 -7265 2726
3002 2889 -5260 -9050 634
-6343 -1265 -123 1297 760
620 1024 -7715 3073 1005
7809 9053 4908 8807 9542
-5987 -5461 -1378 5260 4010
-7142 -1386 -1869 6895 2917
2969 6706 2593 6337 3816
1732 -1611 8816 2778 1340
5178 -8151 975 -5668 2854
-3169 -1646 9957 -1490 2013
-2097 8627 -4566 -6698 1232
-7500 -5173 -3264 -5673 2629
-8684 8571 -7063 -4570 4057
-5619 7583 629 -1691 1713
-9693 9910 2647 -1015 597
8958 -2222 -1123 -6058 4830
5905 7802 -7706 -5639 5500
-2609 2130 320 5696 1044
6369 -8596 -9587 -7877 5792
6528 9177 -4808 2763 3483
-5582 -3977 1412 -2492 1613
4912 7650 -592 -3229 946
-4187 9964 3744 -249 1958
5031 -5422 -8517 3306 2915
-6603 940 2363 -1491 1
4237 3789 -7556 -8975 2297
-4336 -5000 8081 6593 2997
327 9391 5385 -2801 4459
1254 -6997 5788 2577 1495
-8960 5691 6456 7479 5100
-3587 3140 -6757 -4733 2576
-2365 -3667 -1702 3917 1801
899 -2976 -7140 364 772
-6628 -1016 -9049 8295 4916
-5864 -357 9061 8988 3724
-9258 6388 3830 1667 3404
9721 222 -4547 8512 2948
-6542 -5543 8453 -8960 6503
-650 -2539 -9077 568 147
4896 -3497 -1024 -4391 400
-5382 6367 4332 5531 1589
8593 9959 -9952 7502 12189
9240 8353 -9797 782 8761
1636 -9102 5222 2825 3994
-3870 8002 -6453 2865 5984
-2023 7325 -454 9754 997
2907 2967 -953 5445 3714
8867 -7494 6643 -4825 6489
-2156 -1019 304 6605 646
-8729 866 7629 9886 4910
5248 1644 -1336 -6691 4287
-9463 4524 9434 -1957 4708
3957 287 -5312 -6644 393
-4028 -6709 -8984 -3959 3292
272 1708 4155 -9625 1241
781 8129 5964 8986 7055
4852 6220 -8341 9608 695
4057 -7488 5951 -6909 6605
-88 -5232 9606 -1659 1991
-8571 2968 221 -9996 3275
-3646 2031 -3434 2778 1485
4435 -9073 -1865 866 1495
-3824 -3332 635 8102 1716
-1510 9382 8166 1525 2625
-1480 8732 7265 -9233 3651
-2804 -2350 4740 9690 1323
-4557 106 -8671 6756 4201
5280 7514 1252 4611 1390
-6992 -6681 1853 2329 1269
-4618 1077 -2761 -2997 4051
-9436 -2914 9238 1730 4373
2584 -358 989 688 452
-9267 3775 -3099 -93 1877
-8313 5264 2442 5395 4946
8815 -1695 203 1385 840
-5845 -3515 -5617 -6158 1849
5749 7707 2253 -5517 2576
7698 -4808 -2312 2080 1835
8838 3357 -1369 -8969 4250
9743 -2708 1447 -7602 2020
835 -5064 -9704 655 551
-9869 8307 -2268 2200 2276
-2920 -7319 -4401 590 2545
-3929 -3511 2212 6371 2634
9427 -7360 -8095 7412 952
7180 1568 -9417 3268 5859
3209 -5569 -897 -9935 417
4715 9803 -7812 -1706 6552
-9842 6362 -9875 7380 6782
-2144 -7256 -5717 -5495 4103
587 6222 2215 8290 5785
-6496 1859 512 -8638 3296
-3245 3423 -4738 8656 2260
-6378 4218 -5772 6634 271
-546 4994 -9710 -4142 1707
-2776 -6046 7147 -5340 677
-9883 5514 9996 -536 5353
-2524 -7743 -8301 3026 4725
-1466 -3070 4779 8297 2048
-253 -6711 -8 7053 2241
-1436 -8297 -3381 -6633 6731
2833 -1017 -8022 -6121 1780
-5635 8049 -1936 -9054 7964
1392 -8255 9218 -6288 6735
8289 -5841 6782 5104 156
-5047 7190 -8166 -1155 6694
-9614 -9796 -9198 -9507 6438
818 -8433 -2464 -523 2044
8588 -6527 6265 -4905 1523
7179 -2532 9399 -5991 5494
-6461 4015 -4696 -110 1901
5928 1398 -8416 7150 3096
6345 -594 -9240 -608 5671
-6090 5863 256 6586 3809
8596 -3272 4165 7658 4368
382 5008 234 971 946
-8669 5235 -5679 5092 4468
2901 -2581 -4450 7863 3130
-4853 -4232 9423 4112 3418
267 -9167 8510 994 6093
4475 -1308 -6187 3805 3668
6925 316 -2583 -5624 83
290 -4912 5906 -4304 3457
3754 -1429 -8559 821 669
-4234 1410 9749 -4291 307
6307 4830 438 4643 3561
6158 -3172 6454 -5204 2837
-5965 -5463 -2883 -1369 187
-1602 -3040 8115 7170 2824
4429 -6200 1967 -9333 7566
-4043 -1761 3271 4720 802
6701 -2204 9855 -3220 2172
-1834 -5820 -5110 691 2557
-7873 -6518 -8510 4280 4221
8539 9523 -875 1064 882
-5537 1653 -6276 -9146 697
-7589 3109 8716 3898 3977
9097 -9464 4135 -7999 3994
-9344 2644 -1333 7762 4637
4586 -8051 -7586 9315 9046
-9816 -7556 7481 -9621 8399
-9885 4032 -7235 1451 4313
3967 817 -8128 -8786 4005
-1609 -7411 8987 -858 283
2666 -3986 2788 2064 2157
1579 8342 -2206 801 918
-9543 -397 -4690 -1848 4028
3298 -2480 -7357 -8508 3923
7331 -4915 -3485 2144 3320
-4978 -1582 -4614 -4760 951
-8684 3412 2405 6433 131
-5641 7030 3197 -7680 3995
-1400 3455 -5158 -9254 1689
2672 -6196 -4382 6855 6420
-6759 4571 -5715 4306 2226
9191 8892 7494 -716 2988
-7825 8466 2727 -2623 1386
6630 7298 4214 -8971 6319
-7631 -6594 8248 -574 692
-4213 1187 2684 -5528 1530
7448 9618 1330 7760 1853
-2384 -9772 -6509 -3067 5026
1629 2568 -3879 -6731 170
-8602 -357 2757 2054 683
4688 4393 3352 -2481 3330
-326 666 2432 -8148 293
9392 -6721 -779 1438 1634
7242 7801 9145 2538 7188
-1093 140 796 -6306 191
7656 2820 880 3857 2545
5746 8538 -5311 -4702 6603
8374 -178 2163 -1088 2401
-8732 3955 1954 -5152 3941
9665 -5261 6448 5888 7353
-3427 5601 -5311 -4580 4094
9225 2077 6520 8016 9307
-3258 -8070 7713 9093 4933
-8800 4311 -2702 -2167 2085
-1783 3372 -8428 -7892 596
1614 -7245 3344 4204 4598
-9952 8969 1763 3888 3822
2335 -5159 4597 5600 18
225 -1989 -1333 -2431 1554
-5410 8354 1988 -6052 2579
-5788 5744 2092 -4536 1414
4858 -6217 -529 2181 692
-3952 7676 -2878 -2424 2085
3937 -2859 2279 -23 602
-1385 -5913 -4351 -5153 5710
6485 6739 -5662 -3826 5842
4561 -699 2169 2373 3148
5048 2522 -8784 7403 1922
-2178 -162 -4053 -8536 854
-7247 -9573 5894 -926 2348
-3285 -1903 9946 -2681 1755
-4156 5980 5721 143 4527
-1344 2528 -3107 2661 1915
-4756 -5583 -5784 -7346 2111
-4555 8774 1355 568 1286
5555 -3641 -1018 6507 516
-278 -3174 -2200 -1390 1932
1518 1307 2516 4790 833
-1566 -3644 7801 1958 3308
-7506 8283 4482 -9640 32
143 9046 1842 -4113 2094
-177 7994 -1423 8484 83
-6124 5448 -8292 -4890 4756
-4998 6470 -7397 5608 4043
-9787 -6471 -8946 -3577 1229
-4258 -1294 -1807 -9637 3346
1619 -1388 -6564 6403 63
2429 -6474 -7867 6795 1971
-5128 -5471 -6817 -6011 2981
-1897 6051 3687 2072 2025
-1440 -2455 6120 3335 503
-986 -3298 3321 -3736 2262
-2864 -3310 -1755 1532 1650
-6197 -3541 -6444 -8977 1839
5968 -7643 22 9383 278
1472 4426 -2077 1780 2
-9931 7397 4860 3135 2094
-4584 9277 -8857 -3193 2880
4197 -6651 -9316 4806 1838
9965 -1023 -5742 -1205 5703
4591 4418 6534 -3170 966
-3217 -763 4338 -8598 389
3960 3205 -8506 -867 3986
4540 -4895 6286 -2233 772
5686 -9464 4245 6529 2295
-3779 -8848 -1891 5932 4400
3348 -6175 565 9674 1347
-6548 -5208 -4055 9815 1921
-8290 -9671 3059 -4494 2349
-2750 -3169 5914 -1388 2741
6422 912 9096 -1084 3601
1676 9456 982 -2910 463
7039 4902 3185 3945 3248
7881 -3563 4459 -3761 917
8924 -3157 4597 -896 4503
-4739 -6664 -6866 459 3044
1291 9695 1099 7515 7365
-4175 -2338 -7003 -1473 2126
-305 -7748 8825 -6818 4207
-6152 -3548 1573 -4 1495
8177 8326 -1018 7451 2429
3583 1078 -505 -5946 3438
-8566 8090 -1191 6763 6010
-898 -9957 7445 4556 3027
-6792 -1323 8383 7775 6332
-5702 2308 9834 -3457 2888
-2869 9140 -4820 -3803 910
-7164 -4323 6147 315 4331
889 7186 -6532 -6698 2619
-2200 6989 9314 7926 870
-390 7687 6839 -7421 5971
-6622 7197 1846 -829 752
-9940 -934 7261 -8740 3361
4599 8280 -8471 -6121 2154
-350 -2528 2705 1277 745
7981 -918 -9790 -9164 2706
-8460 -6288 254 -1860 122
256 3032 -8551 -7159 2821
-4827 -2940 6171 -3926 713
-7868 5263 -6463 -8917 1792
2459 -573 -4933 1230 2259
2173 -7760 9526 7845 7468
-748 -8831 -1293 1528 724
-9781 5571 1571 9479 2497
3307 2214 9886 -4998 2066
-6839 -1403 1954 967 633
6905 666 3043 2983 2148
-957 355 9415 4912 813
8681 6050 -484 2781 419
-6038 -8378 871 8943 3545
9437 -2333 8074 34 4975
3094 -2820 4928 -7149 1990
3399 7031 -7500 -3200 1372
429 2048 989 4511 650
-9031 5518 5348 5156 6059
1135 -707 -3334 -6069 622
-3680 -9023 7844 5851 1009
3030 -5163 1919 -8995 1801
6988 -8710 2311 -5904 5439
6208 -5638 7989 5244 4897
-2800 -6348 -7420 -8477 3707
3569 5631 -28 -4324 2734
6489 5164 7764 5611 5801
-9290 -323 -7761 -3906 3614
-7725 1582 8 1300 980
7237 157 -6160 5556 674
3224 2348 5860 -1291 2531
9016 3180 7429 -2209 5829
6353 -3783 -7162 4432 1268
5271 -5585 8487 -7728 931
5229 -8148 -829 1598 775
2790 -3881 7171 6517 1798
-6968 3173 6653 4000 1101
-8458 -5443 -5077 -2183 5145
5797 -7150 8675 -722 5157
3426 -3519 5447 -8260 2237
4662 6367 9621 6378 6409
8295 -7791 -3599 9767 1728
-8807 8586 1688 -2500 1050
-9648 -71 -8250 7461 1445
-320 -9503 5240 -4579 5165
-701 -1328 8558 3323 445
8115 -4951 8630 -7880 7445
-1675 9173 6264 4282 7149
7084 -7937 -9413 1430 7193
-9542 7010 -3857 7696 1491
1118 3680 -4587 -4706 303
-576 -4254 6285 -5010 2748
-2112 -8235 440 -4764 1833
3665 -9905 5242 -7289 3019
4078 -5950 2453 -2001 3150
29 -4352 1188 -358 363
-2449 9141 3940 6848 3423
-9308 -4151 -6745 -7496 4102
7152 9514 2363 6298 4476
-6913 -5824 -1459 -439 151
8520 3185 -5564 9276 7892
-509 7444 -7336 726 1864
-2863 -6486 -5498 -8452 4433
711 9752 -7447 -3828 7014
-70 -8337 -8911 -7321 7760
7019 9294 860 -1451 123
8760 -2481 -5341 -3830 4372
-1675 1094 4237 5686 1928
-1410 7167 -169 5498 4036
-9327 7675 4613 -1738 1077
651 5115 -3873 -1752 387
4554 8060 -3028 -9748 9118
-4758 3188 -987 5450 3458
-1118 -1495 -8643 5586 919
-1791 -8822 1203 8081 309
-8040 7110 -7570 9030 884
656 2173 8175 7521 275
261 -1932 2856 934 796
8869 -6449 3356 4077 3717
-7663 -6843 -9849 -654 8666
-9820 4871 -8125 -4888 8215
-371 -1104 3515 -841 797
2495 -5580 -4348 -4357 1711
6869 2180 4373 -9468 6748
-8238 -5669 -6558 -3802 5138
-5283 5161 -8612 6293 3332
6109 -1714 -3121 8596 3393
723 -7700 2930 -5578 1045
-7383 1630 7805 2054 2429
-3192 7947 7613 -994 2809
4173 9932 776 -6132 5929
-8711 4733 9523 584 6332
-8144 -3121 4737 -7162 5963
2075 5205 -2991 -4870 1309
6915 1444 1389 4188 1123
5771 -656 -6782 9628 653
4766 -7692 5209 5953 7758
-4545 -9338 8372 6957 2805
-3387 193 -7366 -9438 312
-3567 3765 -5658 1944 4696
9902 -8477 -9590 -9968 12265
6050 -1143 -6841 -3219 3388
-6843 9826 -332 9585 6805
-4030 2241 6240 -9357 3863
8878 1566 -672 8532 4011
8031 -3108 2141 3341 2269
-366 7437 2257 4440 4923
-383 7248 -8787 -358 1316
-1355 6577 -7702 7904 299
1482 -3372 -3421 -2597 2668
-680 -1249 9579 -5850 1046
-4983 7509 -3176 280 1994
-4703 -1539 6657 -3706 1396
1739 8580 -1430 -3025 2708
4946 9094 4642 7666 3003
-5649 -1659 -6131 -2149 4457
-790 -8473 -2300 -7531 5658
5709 8709 4587 7074 6976
6175 -8481 1114 6152 2783
-8235 -3036 -4612 6613 535
-7772 -5931 1177 -9834 2710
-8677 -2034 6783 1772 4495
6660 -1465 -1357 -5033 4285
-1769 -2071 2477 8219 408
420 9940 -7337 -5604 8917
-5333 -6665 -6016 2877 3996
-6748 -7095 -5464 2068 1101
4675 3747 4761 1339 96
-2382 -7318 2326 -7070 3264
6304 827 -9954 2973 6341
5593 -7164 9265 425 2081
1603 -6147 -3720 2257 1600
-3855 7778 -3384 -973 3435
-1217 -5598 4690 -307 2570
-5736 7270 5994 -359 1070
-4894 4022 -320 405 194
2242 -5512 3364 2705 2296
6269 5246 2942 4531 5127
7339 1952 7060 -8769 2708
-7629 7518 3651 -3346 2255
4531 -9723 4363 -1019 2673
5209 -4899 4669 9433 6740
-5975 8810 198 4376 3862
2211 9753 3129 4601 1675
-4660 -3875 -5382 1520 1110
-7817 -8004 -1453 -9089 1608
4760 1260 5894 8631 4203
1063 9864 -2759 3485 27
-5228 3430 4507 1435 337
-1507 7141 9989 -7156 2577
265 8893 9534 5376 5278
8490 3319 -4394 -6804 1154
9012 -2993 5699 9190 1523
8550 -7316 -1999 -9097 9194
-2815 -6193 282 -3961 2548
-4605 -8318 1585 582 1160
-3497 4057 -2869 7666 1838
-6997 5899 -2382 -3778 1459
-1731 5626 -5473 -4068 4701
8243 6367 -2298 -8358 1042
-7502 8038 1391 -9584 6552
-5365 727 -8547 8203 1222
3558 -7675 -2803 9162 8407
-2952 8566 -844 1412 843
3282 6675 -1486 -211 1175
5880 2971 -1323 3529 2613
-851 -910 879 9376 272
-470 -4999 -9478 -2368 3101
2159 -1603 5612 -905 917
2611 7729 -3681 5278 579
7563 2931 8516 9048 1702
1092 7281 9390 5623 1499
8137 -3299 -8171 4476 35
-912 6748 -165 -6253 3847
-4438 2612 9939 -4614 1183
4598 -1300 -6303 4879 1395
6156 2522 7678 8170 1265
-2283 1563 8061 6898 1954
9328 9632 -9562 100 6421
9361 6856 5778 4573 6237
8269 -2816 5645 1336 2061
1740 66 -3511 7310 708
6635 6899 5317 -8026 6341
6366 -7242 4728 -61 2567
-4467 6498 8545 -4162 2856
9881 -1666 -3749 9458 6887
8268 -978 -2423 8398 1475
-6100 1002 -772 2609 1469
-3168 6490 2066 1818 554
7608 -1932 5796 4293 4933
8025 -2304 5540 -8574 6690
4382 9263 6017 -1114 1747
6528 -3416 -9050 2817 2511
9409 2598 -461 -4792 3027
3014 3987 1544 3609 3077
5789 -6927 -2830 -8420 8279
-5305 -3263 446 -6042 1672
-8045 3001 8053 2038 5984
8126 -4249 -2200 1032 662
-2449 -9086 -5935 9437 4491
4308 -7972 -4851 -1855 3992
-6769 2054 869 8098 3448
-2256 8858 3038 876 2140
4672 8467 8390 8671 203
-9306 2174 7998 -5616 4726
-6923 -7817 8545 -575 2852
-5071 8428 -648 -6858 4866
-5679 -4048 7733 898 5679
-3840 3047 849 2513 269
-8773 -3847 9625 -4021 3655
-3552 -7458 -7350 -9648 7054
4094 -2860 4039 -8735 2564
2396 -5836 -1111 -741 259
-6218 4054 3099 8868 7165
541 9789 892 -7112 273
9378 -6157 -9023 -676 2172
-4323 -8120 2296 9783 3651
8573 -3188 7913 -2191 3045
7274 5351 8302 -701 3449
-1601 -1721 6842 -942 1218
6064 -9422 -2119 3333 932
-6884 130 -3068 6611 5103
-6871 -9215 -8736 -2611 2446
-4590 1551 8000 1348 3866
8376 -3345 -7101 6939 165
-4464 3365 5648 -9738 995
-6055 -1170 -383 1277 67
-5441 -4123 7387 5201 3370
-8679 2440 -3084 4147 3282
5245 -2299 13 5586 2466
-549 4971 8644 5899 3343
-9231 241 7410 9762 5677
7486 -8520 -7809 2467 8046
9487 6739 -5049 6818 7830
-1786 8870 -135 -5352 4196
-6011 2894 5111 -3066 2443
4462 3267 -8047 6586 5124
8371 -4279 3081 -3523 2018
9935 6690 4855 -3533 5632
813 1221 -5044 2398 606
7447 2718 -9747 6140 3356
4635 776 -6998 3126 1669
8165 -6349 8448 8655 3127
2512 -5294 -2198 -1030 2017
8791 -9432 -4273 -5199 4685
-9907 -3120 4515 7650 2146
5960 1146 159 6297 1021
6453 -7559 42 -2317 2139
-3995 -4409 -5396 8685 1246
-3722 6029 -9311 -8213 5227
219 -372 9717 9611 243
-1316 -7985 6769 -4650 5203
6555 4802 5021 8772 7899
-3131 9981 -7720 -3918 1502
6178 9229 -8778 7546 1615
-175 4128 -595 -9092 984
-5518 -8756 -9019 5200 3943
-2514 9989 -4151 7744 1930
5674 -7209 -7351 -8952 6580
5258 6852 -8193 492 7231
330 4291 -3070 9087 60
-14 -3657 5619 5029 2725
5908 4895 6726 -8633 4973
-1522 -8769 7132 -4256 2205
7503 214 -9894 2170 303
-7127 2334 -9074 -5110 4709
-5151 8405 -3615 -5762 1195
-2270 1088 421 8317 1486
2215 5035 5056 3610 999
-1760 7693 890 -5704 5300
5069 -6721 -3937 7141 7938
977 -6083 6500 123 805
2 -8909 -3234 -9005 5747
6400 9639 7679 265 4481
-7869 1951 -2824 5093 4986
-4888 9469 6260 -3597 1186
-3453 1570 -1166 6670 1544
1432 9313 5893 1835 3138
-7388 -8962 -3771 -9562 503
7417 -9250 7036 8238 2002
6210 -4250 6663 -7661 851
-8896 -2720 -5378 3083 2393
6147 -7516 267 -5815 4808
815 -944 -9994 -5211 761
-402 4863 2863 -9615 2528
9520 -4755 -6729 1589 2440
208 4320 9411 8760 852
966 -9871 5496 -6071 7110
-8587 2585 -5239 -8366 1667
6679 6240 -3221 5315 170
6850 -9660 -7070 9457 316
-4396 -6344 2198 6296 5610
-2461 -225 6094 4354 1341
8696 -5870 9002 -3513 5877
6600 2636 7460 4529 3838
-1914 8036 6563 5587 4576
5546 3296 2594 -4358 384
-9889 919 -305 7361 1575
7777 -625 -6191 9944 6324
2795 -9723 5070 -8391 8260
-9869 6511 -841 -9170 1520
-966 5360 5242 -8779 1814
-673 540 -2220 2714 434
9763 -9456 5699 3090 5510
-6178 4169 -1057 -3091 1502
-6724 -2550 5669 -2875 3421
-9524 -2825 -1421 9278 3187
-9253 7245 -1113 2834 2478
628 2706 -2129 -7950 1877
-2921 -8481 -5265 4273 2992
2322 -7243 -7090 -7871 1948
7359 878 6368 8442 5938
7652 -1487 -6682 6036 1010
8625 -4117 3188 4225 599
-7073 -9976 -8557 -959 571
-2201 9908 -4451 441 3375
-937 -5358 -2041 -6263 5225
-3053 5887 4631 -9375 957
4564 8357 7334 -1063 2442
9514 4783 -9288 -3420 3060
-2947 -9708 9176 -3279 9677
8592 -8369 -8968 9757 4173
8642 7286 -7868 251 1674
-4316 9490 -3909 -8365 6665
-1912 2793 2760 5984 606
5571 2459 3862 9433 984
-7458 -6635 9959 -5615 7720
-6623 -8646 9927 -1178 3924
-5377 -3408 -2355 8166 882
-3349 -5717 -5793 530 2328
4244 7910 -42 4298 1612
-4192 -7721 6966 -4871 1585
-4915 5101 5199 -6310 1631
-3994 938 9438 9744 902
-1961 -2624 -3993 -9758 1546
-5121 6838 272 -1117 892
6895 -9968 -3667 8814 3001
-6906 -7407 4787 9122 268
-6170 3485 5608 -5045 241
-146 4574 -5071 9522 756
-4900 7772 8091 -3708 6325
1059 9359 6285 8302 1595
4144 -5881 1955 6961 3480
-4144 7175 -2046 -4478 1220
9728 -4862 8083 -4055 2241
-5030 7589 -5342 1864 578
-919 -6441 -7084 3360 2760
3147 -9379 -3058 -9157 3716
-2863 8260 9791 9996 5164
-8358 6186 4921 -3289 2860
-4122 1503 5991 -965 735
6786 -3694 4992 8650 3972
6008 1385 -8301 5466 2829
-9123 8281 2214 5189 5315
-7995 1405 -1256 -5176 738
-4466 -3819 9590 -2158 2180
5356 5459 -3461 -7910 653
-5516 -3542 541 -3320 1583
-6036 -2103 5024 -1976 3643
3931 -8521 5744 7065 577
-988 6770 -3072 -9331 2072
-1100 3211 -8920 4896 1839
-6584 -3753 -8742 -7089 2389
3727 3873 -8673 -7809 1794
2043 -9904 -7641 3492 8167
-4185 -8264 -1412 -7436 2129
-6224 4732 7039 7043 1103
5688 -4820 8711 4417 3727
-1117 -445 7124 6387 43
-5151 -5742 6681 3290 5682
4107 -8158 -8911 1390 8183
7468 -5576 9572 -9772 6769
5161 6715 2299 -3684 3092
292 -4633 159 5321 3190
7941 4587 2257 6219 79
-2161 -5897 -6184 -2274 2377
1183 -628 2530 -9361 312
2248 -578 3796 996 1129
-3498 -6398 5903 -7592 1788
7575 -5458 -9454 -8991 5453
-5051 -1606 -4925 -8466 2872
-7038 358 -8312 -6020 3129
7283 2110 220 -730 28
-539 4660 -1062 -7549 2583
2861 1885 5983 9482 2091
477 5940 -6129 -4151 3201
-3432 -9964 8057 -7679 586
8575 5733 6637 -660 2480
44 -152 -6785 2145 49
-5469 -3429 4667 6461 4579
-5534 435 -6131 -2983 1772
3556 901 -9223 9990 3162
8887 9707 9526 -3803 6895
3004 6566 3524 -512 3378
3211 6945 -6754 -1798 5268
-9878 -4514 8742 3961 26
3443 2941 -6472 -2707 1346
-691 -5242 297 3806 3336
-2517 -7771 -8205 1072 7400
2851 -4132 2513 -2259 2564
-7416 1418 5918 -4655 2869
-1069 -2015 3361 5355 544
-5533 -6919 -1033 270 496
8526 -6141 4729 -1660 894
2781 1802 -1695 -5018 3179
-1467 -2646 4797 -7819 2109
-2928 -4543 -5444 -1129 4678
2577 5767 -6235 9543 2850
-8659 4272 -4367 4986 2742
-4660 -7459 6135 -8476 7
178 -8571 6965 -3409 4698
5649 -3903 -6025 8991 315
-2971 196 -4323 3334 1070
9932 -5928 9723 3310 9656
-1055 4089 4974 3231 476
7096 -8809 4529 -3625 3441
-1207 -998 4368 -30 603
7049 4486 -9869 1254 2863
6790 -6481 7816 8732 8330
8663 -528 7219 -385 1862
-6684 9150 -764 630 209
-4401 4581 4512 1893 1878
7908 -852 -2166 3335 2116
6790 -5537 -3176 4960 4900
7865 5993 3606 -4844 2264
6269 -1186 97 5194 3066
9344 2523 -8636 1185 8286
-679 -2231 -9819 7178 312
-3348 2588 4730 -7888 2588
-442 6487 -346 8666 5670
-1039 5546 -6073 9108 17
4181 -8055 7914 -9456 2460
9596 -1038 6118 1207 1818
2958 -9328 -7226 -3872 7094
6781 7283 -9605 -7622 997
4636 -3486 -6682 -7059 2546
-7818 -3931 5855 -2549 4783
3632 4039 9111 -6115 1470
-7067 7715 3019 159 691
54 1900 -7253 -5143 1421
1007 -6910 -2033 -8691 1924
-5265 8741 377 7378 1358
5088 -9772 -5880 4744 5160
-3660 3344 -2884 6592 1748
-2973 9172 -1773 -3476 34
-8818 -7210 2164 -5618 2477
-9137 286 8345 7860 4338
-4286 179 9434 3008 473
-8226 -8272 8515 8528 8569
-6581 -418 -8966 -38 2441
-8214 -2503 1448 345 721
7553 -1374 -8514 -6263 3087
9685 94 -7472 -8869 5702
2294 561 2496 6737 1526
4292 -4663 9844 -5557 139
-9717 -184 -10 -8872 4584
-1451 8863 2260 -4021 1937
-584 -4506 4161 -8425 208
9299 -8551 -9988 -7140 9136
-3621 9769 905 3844 405
5415 -6540 6858 -4273 340
-3930 4909 9204 -1044 2363
-8652 -7378 -9866 451 3172
-1756 -3089 -8549 8999 1859
-7555 9141 -1645 7364 3538
1175 -8504 -1764 6839 1469
3693 -8678 -2134 6731 35
-555 -1127 71 -8042 686
-8559 -6075 -5193 5434 41
2083 1353 531 -7988 1147
-9227 5644 -4875 3127 1825
5651 5228 8775 9565 1888
1724 3369 5298 6565 440
1326 -6366 746 2687 1159
-2463 -7551 -1537 8112 425
723 5103 5338 7995 1901
-3092 -9551 1987 700 878
-516 -4670 -4325 4394 3434
-3004 -7190 2127 8509 3454
-9282 -7216 -6984 -9131 4460
2543 -9937 2463 -3421 2824
-1788 -8765 7813 -1507 808
8523 -3466 9132 -4943 7484
1566 3220 -7892 5766 910
2045 2173 -3308 1704 1882
757 3019 573 -4674 129
4340 -3488 3487 -3244 1283
1721 117 5552 -3881 1421
-9978 5025 -3224 -5150 677
-708 7550 3017 -5577 184
2049 3013 -5908 -5592 2121
-9982 -2835 -8799 606 3490
9517 -7178 8862 8104 7698
-2712 -409 -674 -4291 1674
-101 5915 1097 8996 5125
-3426 7620 -5250 801 489
1751 5767 -9359 8478 1631
3765 -675 5745 4396 1330
-7695 -1245 -7509 -1798 7605
5570 6355 -3763 7779 7914
6827 -3296 -2812 -9276 2868
271 9658 -6796 -8012 5292
1315 -9465 2386 3385 2265
652 5882 -9802 -2990 3494
-1832 8254 -7693 -8658 3081
3569 5185 -2631 -6263 4870
-8768 4033 2339 -3346 1189
2104 5427 6238 5409 5137
9034 4015 -5431 1792 1523
3430 -7921 6084 -1298 3477
-8681 8960 -8053 7230 102
-2518 -8454 3349 -3181 2577
-4672 7278 6475 -2854 1976
1987 6139 5584 6145 4940
8872 -5369 -6708 -1213 2631
-5735 5806 1127 6377 36
2426 -646 -2990 -2759 2270
-5376 591 -5247 -9465 3888
3254 -1860 5939 1343 2612
-1487 3443 -7962 8366 2088
1138 5333 1693 9029 3839
4485 -9143 -9357 9333 7535
-2099 -5698 1022 -1976 974
-6802 8493 7250 -2716 1042
-2498 53 -2178 6724 27
7813 3012 7753 -7172 2866
7276 -7075 2362 -5957 388
4836 3136 -4746 4299 3934
5595 -6621 8152 -2641 3517
6879 6291 -7152 8281 3478