128
1
2
3
4
5
6
7
8
9
10
11
12
13
14
15
16
17
18
19
20
21
22
23
24
25
26
27
28
18
760
54
105
181
628
254
441
792
303
237
990
872
156
625
179
33
932
218
106
383
855
989
517
588
750
199
768
339
829
692
357
565
746
462
746
351
717
163
119
6413527141
87
7
52
1
7
11
3944
5146
915
932
20
77
956
977
3
8845
44
99023
73
4
841
245135476
11355366
1
78
745589
238464050
71148615
26821567
6648154
1753
46784
117
87913
883624990
763
9304927
975
9069806
452463428
48354
91281
7
24936760506
50640026
804953
72298224106
1388542
4
404466196
4
254967530
1847323985422
638671826
132664792385
44444435555556
986960343659214
1000000000000000
442891
