5
3 9
9 38 5
3 2 2
1 2
1 2
3 2 2
1 1
3 1 2
2 0 32
1 2
1 2
31 15
56 20 44 28 30 18 33 45 25 14 48 17 53 30 52 20 41 26 33 28 18 48 9 50 5 49 44 25 21 42 36
3 14 20
3 6 16
2 0 10
1 11
3 11 19
1 1
2 1 29
2 25 15
3 10 13
1 25
2 5 14
1 0
1 29
3 3 3
2 1 28
9 26
50 21 45 52 54 46 16 57 12
2 8 14
1 3
3 4 5
3 0 1
3 2 8
2 5 12
1 0
2 0 15
2 4 4
1 0
3 4 8
3 7 7
2 1 26
2 3 7
2 1 10
2 1 3
3 4 4
1 5
1 6
1 2
2 6 26
2 3 18
1 3
2 3 8
2 5 14
3 4 6
5 30
50 6 60 53 51
1 2
2 2 4
3 1 3
2 0 4
1 0
3 0 2
3 1 3
3 1 3
2 0 24
3 1 2
2 1 31
2 0 31
1 2
3 1 1
2 1 9
1 2
3 2 3
2 1 25
3 1 4
2 4 1
1 3
2 3 22
1 4
3 2 3
2 4 19
1 1
3 3 4
3 2 3
2 0 4
1 2
31 13
32 61 34 16 6 17 37 13 10 61 19 52 28 46 7 32 49 19 43 3 59 35 50 55 37 53 11 36 15 8 44
3 17 19
1 25
2 23 6
3 11 25
3 5 29
2 26 32
2 7 11
2 12 14
1 27
1 19
1 14
2 9 4
1 14
