3
0 1 7 3 0 9 0 0 2
0 9 0 0 0 0 5 0 0
0 0 0 0 0 6 0 0 0
0 0 2 0 0 7 0 0 0
0 6 8 0 4 0 7 3 0
0 0 0 8 0 0 1 0 0
0 0 0 2 0 0 0 0 0
0 0 6 0 0 0 0 9 0
3 0 0 1 0 8 6 4 0

3
0 0 0 0 0 2 5 1 4
0 9 2 0 4 0 0 8 0
0 6 0 7 0 0 3 0 0
0 0 6 0 0 9 0 0 0
0 7 0 0 0 1 0 0 0
2 0 0 8 6 0 7 0 0
6 0 3 0 0 7 0 5 1
7 8 0 0 0 0 4 3 0
5 0 0 0 0 0 9 0 0

3
0 0 1 6 0 0 0 0 0
0 0 3 7 0 0 0 0 0
4 5 0 0 0 9 3 0 0
3 2 0 0 0 6 5 0 0
0 0 0 0 0 0 0 0 0
0 0 9 5 0 0 0 4 1
0 0 4 1 0 0 0 3 9
0 0 0 0 0 2 7 0 0
0 0 0 0 0 8 1 0 0

3
0 0 0 0 0 0 0 0 0
0 0 0 0 0 0 0 0 0
0 0 0 0 0 0 0 0 0
0 0 0 0 0 0 0 0 0
0 0 0 0 0 0 0 0 0
0 0 0 0 0 0 0 0 0
0 0 0 0 0 0 0 0 0
0 0 0 0 0 0 0 0 0
0 0 0 0 0 0 0 0 0

3
0 0 0 0 0 0 0 0 0
0 0 0 0 0 0 0 0 0
0 0 0 0 0 0 0 0 0
0 0 0 0 0 0 0 0 0
0 0 0 0 0 0 0 0 0
0 0 1 0 0 0 0 0 0
0 0 0 0 0 0 0 0 0
0 0 0 0 0 0 0 0 0
0 0 0 0 0 0 0 0 0

3
0 0 0 0 0 0 0 0 1
0 0 0 0 0 0 0 0 0
0 0 0 0 0 0 0 0 0
0 0 0 0 0 0 0 0 0
0 0 0 0 0 0 0 0 0
0 0 0 0 0 0 0 0 0
0 0 0 0 0 0 0 0 0
0 0 0 0 0 0 0 0 0
0 0 0 0 0 0 0 0 0

3
0 0 0 0 0 0 0 0 0
0 0 0 0 0 0 0 0 0
0 0 0 0 0 0 0 0 0
1 0 0 0 0 0 0 0 0
0 0 0 0 0 0 0 0 0
0 0 0 0 0 0 0 0 0
0 0 0 0 0 0 0 0 0
0 0 0 0 0 0 0 0 0
0 0 0 0 0 0 0 0 0

3
0 0 0 6 3 0 0 0 0
0 0 0 0 0 0 0 5 9
7 0 1 0 0 4 8 0 3
6 0 0 0 7 0 0 1 0
0 0 9 0 0 0 2 0 0
0 8 0 0 2 0 0 0 4
4 0 2 3 0 0 6 0 5
9 7 0 0 0 0 0 0 0
0 0 0 0 1 8 0 0 0

3
0 0 0 1 0 6 0 0 0
2 3 0 0 0 0 1 0 5
0 9 6 2 0 0 4 0 0
4 0 2 0 0 5 0 0 0
8 5 0 0 0 0 0 7 6
0 0 0 6 0 0 2 0 4
0 0 5 0 0 4 6 9 0
3 0 4 0 0 0 0 1 2
0 0 0 7 0 1 0 0 0

3
7 0 8 0 0 0 3 0 0
0 0 0 2 0 1 0 0 0
5 0 0 0 0 0 0 0 0
0 4 0 0 0 0 0 2 6
3 0 0 0 8 0 0 0 0
0 0 0 1 0 0 0 9 0
0 9 0 6 0 0 0 0 4
0 0 0 0 7 0 5 0 0
0 0 0 0 0 0 0 0 0

2
0 0 0 0
0 0 0 0
0 0 0 0
0 0 0 0

2
1 0 0 2
0 0 0 3
0 0 0 4
0 0 0 0

3
0 2 3 4 5 6 7 8 9
0 0 0 0 0 0 0 0 0
0 0 0 0 0 0 0 0 0
0 0 0 0 0 0 0 0 0
0 0 0 0 0 0 0 0 0
0 0 0 0 0 0 0 0 0
0 0 0 0 0 0 0 0 0
0 0 0 0 0 0 0 0 0
0 0 0 0 0 0 0 0 0

3
0 2 3 4 5 6 7 8 9
0 0 0 0 0 0 0 0 0
0 0 0 0 0 0 0 0 0
0 0 0 0 0 0 0 0 0
0 0 0 0 0 0 0 0 0
0 0 0 0 0 0 0 0 0
0 0 0 0 0 0 0 0 0
0 0 0 0 0 0 0 0 0
1 0 0 0 0 0 0 0 0

2
1 2 3 4
3 4 1 2
4 3 2 1
2 1 4 3

2
1 2 3 4
3 4 0 0
4 3 2 1
2 1 4 3

2
1 2 3 4
3 4 0 0
4 3 2 1
2 1 4 3

2
1 1 0 0
0 0 0 0
0 0 0 0
0 0 0 0

1
0
