15
31.573 22.352 63.448
46.300 50.868 86.683
22.005 24.725 22.914
5.710 25.635 32.805
0.0 10.0 10.0
10.0 0.0 10.0
10.0 10.0 0
0.0 0.0 10.0
0.0 10.0 0.0
10.0 0.0 0.0
5.0 10.0 10.0
10.0 5.0 10.0
10.0 10.0 5.0
4.0 10.0 10.0
10.0 4.0 10.0
10.0 10.0 4.0
31.573 22.352 63.448
46.300 50.868 86.683
22.005 24.725 22.914
5.710 25.635 32.805
31.573 22.352 63.448
46.300 50.868 86.683
22.005 24.725 22.914
5.710 25.635 32.805
31.573 22.352 63.448
46.300 50.868 86.683
22.005 24.725 22.914
5.710 25.635 32.805